{
  "nbformat": 4,
  "nbformat_minor": 0,
  "metadata": {
    "colab": {
      "name": "exercise_04.ipynb",
      "provenance": []
    },
    "kernelspec": {
      "name": "python3",
      "display_name": "Python 3"
    },
    "language_info": {
      "name": "python"
    }
  },
  "cells": [
    {
      "cell_type": "code",
      "metadata": {
        "id": "ahGHErluH55P"
      },
      "source": [
        "import numpy as np\n",
        "import plotly.graph_objects as go "
      ],
      "execution_count": 1,
      "outputs": []
    },
    {
      "cell_type": "markdown",
      "metadata": {
        "id": "NaxSnYqk9qKl"
      },
      "source": [
        "Consider the Gaussian mixture model:\n",
        "\n",
        "\n",
        "$$P(x) = \\frac{1}{2\\sqrt{2\\pi}}e^{-\\frac{1}{2}(x - \\mu_1)^2} + \\frac{1}{2\\sqrt{2\\pi}}e^{-\\frac{1}{2}(x - \\mu_2)^2}$$"
      ]
    },
    {
      "cell_type": "markdown",
      "metadata": {
        "id": "GOfG8ZjpAqfL"
      },
      "source": [
        "$P(x)$ is a mixture of two Gaussian distributions with means $\\mu_1$ and $\\mu_2$ and $\\sigma = 1$. Here, we are considering the variance to be fixed at 1 and we want to infer the model means given data $x$.\n",
        "The log-likelihood function for $\\mu_1$ and $\\mu_2$ given the model is:\n",
        "\n",
        "$$L(\\mu_1, \\mu_2 \\mid x) = \\log\\left(\\frac{1}{2\\sqrt{2\\pi}}e^{-\\frac{1}{2}(x - \\mu_1)^2} + \\frac{1}{2\\sqrt{2\\pi}}e^{-\\frac{1}{2}(x - \\mu_2)^2}\\right)$$\n",
        "\n",
        "where now we are considering $x$ to be an observation."
      ]
    },
    {
      "cell_type": "markdown",
      "metadata": {
        "id": "CzMlpkLrDbMP"
      },
      "source": [
        "Now let's plot $L(\\mu_1, \\mu_2 \\mid x)$ for $x = 2$. "
      ]
    },
    {
      "cell_type": "code",
      "metadata": {
        "id": "WM4HPo6r9s9H"
      },
      "source": [
        "def gaussian(u, x):\n",
        "  return (1/np.sqrt(2*np.pi))*(np.exp(-(1/2)*(x-u)**2))\n",
        "\n",
        "def gaussian_mixture(u1, u2, x):\n",
        "  return 0.5*gaussian(u1, x) + 0.5*gaussian(u2, x)"
      ],
      "execution_count": 2,
      "outputs": []
    },
    {
      "cell_type": "code",
      "metadata": {
        "colab": {
          "base_uri": "https://localhost:8080/",
          "height": 542
        },
        "id": "zBTAaqhoFV_S",
        "outputId": "92d75d1f-4e0c-4ff1-c80d-3a82af54626d"
      },
      "source": [
        "u1, u2 = np.mgrid[-20:20:1, -20:20:1]\n",
        "log_L_vals = np.log(gaussian_mixture(u1, u2, 2))\n",
        "fig = go.Figure(go.Surface(x=u1,y=u2,z=log_L_vals,\n",
        "                       colorscale='viridis'\n",
        "                       ))\n",
        "fig.show()"
      ],
      "execution_count": 3,
      "outputs": [
        {
          "output_type": "display_data",
          "data": {
            "text/html": [
              "<html>\n",
              "<head><meta charset=\"utf-8\" /></head>\n",
              "<body>\n",
              "    <div>\n",
              "            <script src=\"https://cdnjs.cloudflare.com/ajax/libs/mathjax/2.7.5/MathJax.js?config=TeX-AMS-MML_SVG\"></script><script type=\"text/javascript\">if (window.MathJax) {MathJax.Hub.Config({SVG: {font: \"STIX-Web\"}});}</script>\n",
              "                <script type=\"text/javascript\">window.PlotlyConfig = {MathJaxConfig: 'local'};</script>\n",
              "        <script src=\"https://cdn.plot.ly/plotly-latest.min.js\"></script>    \n",
              "            <div id=\"e7cf8758-bc18-44f0-95e9-bdcf2f12cf32\" class=\"plotly-graph-div\" style=\"height:525px; width:100%;\"></div>\n",
              "            <script type=\"text/javascript\">\n",
              "                \n",
              "                    window.PLOTLYENV=window.PLOTLYENV || {};\n",
              "                    \n",
              "                if (document.getElementById(\"e7cf8758-bc18-44f0-95e9-bdcf2f12cf32\")) {\n",
              "                    Plotly.newPlot(\n",
              "                        'e7cf8758-bc18-44f0-95e9-bdcf2f12cf32',\n",
              "                        [{\"colorscale\": [[0.0, \"#440154\"], [0.1111111111111111, \"#482878\"], [0.2222222222222222, \"#3e4989\"], [0.3333333333333333, \"#31688e\"], [0.4444444444444444, \"#26828e\"], [0.5555555555555556, \"#1f9e89\"], [0.6666666666666666, \"#35b779\"], [0.7777777777777778, \"#6ece58\"], [0.8888888888888888, \"#b5de2b\"], [1.0, \"#fde725\"]], \"type\": \"surface\", \"x\": [[-20, -20, -20, -20, -20, -20, -20, -20, -20, -20, -20, -20, -20, -20, -20, -20, -20, -20, -20, -20, -20, -20, -20, -20, -20, -20, -20, -20, -20, -20, -20, -20, -20, -20, -20, -20, -20, -20, -20, -20], [-19, -19, -19, -19, -19, -19, -19, -19, -19, -19, -19, -19, -19, -19, -19, -19, -19, -19, -19, -19, -19, -19, -19, -19, -19, -19, -19, -19, -19, -19, -19, -19, -19, -19, -19, -19, -19, -19, -19, -19], [-18, -18, -18, -18, -18, -18, -18, -18, -18, -18, -18, -18, -18, -18, -18, -18, -18, -18, -18, -18, -18, -18, -18, -18, -18, -18, -18, -18, -18, -18, -18, -18, -18, -18, -18, -18, -18, -18, -18, -18], [-17, -17, -17, -17, -17, -17, -17, -17, -17, -17, -17, -17, -17, -17, -17, -17, -17, -17, -17, -17, -17, -17, -17, -17, -17, -17, -17, -17, -17, -17, -17, -17, -17, -17, -17, -17, -17, -17, -17, -17], [-16, -16, -16, -16, -16, -16, -16, -16, -16, -16, -16, -16, -16, -16, -16, -16, -16, -16, -16, -16, -16, -16, -16, -16, -16, -16, -16, -16, -16, -16, -16, -16, -16, -16, -16, -16, -16, -16, -16, -16], [-15, -15, -15, -15, -15, -15, -15, -15, -15, -15, -15, -15, -15, -15, -15, -15, -15, -15, -15, -15, -15, -15, -15, -15, -15, -15, -15, -15, -15, -15, -15, -15, -15, -15, -15, -15, -15, -15, -15, -15], [-14, -14, -14, -14, -14, -14, -14, -14, -14, -14, -14, -14, -14, -14, -14, -14, -14, -14, -14, -14, -14, -14, -14, -14, -14, -14, -14, -14, -14, -14, -14, -14, -14, -14, -14, -14, -14, -14, -14, -14], [-13, -13, -13, -13, -13, -13, -13, -13, -13, -13, -13, -13, -13, -13, -13, -13, -13, -13, -13, -13, -13, -13, -13, -13, -13, -13, -13, -13, -13, -13, -13, -13, -13, -13, -13, -13, -13, -13, -13, -13], [-12, -12, -12, -12, -12, -12, -12, -12, -12, -12, -12, -12, -12, -12, -12, -12, -12, -12, -12, -12, -12, -12, -12, -12, -12, -12, -12, -12, -12, -12, -12, -12, -12, -12, -12, -12, -12, -12, -12, -12], [-11, -11, -11, -11, -11, -11, -11, -11, -11, -11, -11, -11, -11, -11, -11, -11, -11, -11, -11, -11, -11, -11, -11, -11, -11, -11, -11, -11, -11, -11, -11, -11, -11, -11, -11, -11, -11, -11, -11, -11], [-10, -10, -10, -10, -10, -10, -10, -10, -10, -10, -10, -10, -10, -10, -10, -10, -10, -10, -10, -10, -10, -10, -10, -10, -10, -10, -10, -10, -10, -10, -10, -10, -10, -10, -10, -10, -10, -10, -10, -10], [-9, -9, -9, -9, -9, -9, -9, -9, -9, -9, -9, -9, -9, -9, -9, -9, -9, -9, -9, -9, -9, -9, -9, -9, -9, -9, -9, -9, -9, -9, -9, -9, -9, -9, -9, -9, -9, -9, -9, -9], [-8, -8, -8, -8, -8, -8, -8, -8, -8, -8, -8, -8, -8, -8, -8, -8, -8, -8, -8, -8, -8, -8, -8, -8, -8, -8, -8, -8, -8, -8, -8, -8, -8, -8, -8, -8, -8, -8, -8, -8], [-7, -7, -7, -7, -7, -7, -7, -7, -7, -7, -7, -7, -7, -7, -7, -7, -7, -7, -7, -7, -7, -7, -7, -7, -7, -7, -7, -7, -7, -7, -7, -7, -7, -7, -7, -7, -7, -7, -7, -7], [-6, -6, -6, -6, -6, -6, -6, -6, -6, -6, -6, -6, -6, -6, -6, -6, -6, -6, -6, -6, -6, -6, -6, -6, -6, -6, -6, -6, -6, -6, -6, -6, -6, -6, -6, -6, -6, -6, -6, -6], [-5, -5, -5, -5, -5, -5, -5, -5, -5, -5, -5, -5, -5, -5, -5, -5, -5, -5, -5, -5, -5, -5, -5, -5, -5, -5, -5, -5, -5, -5, -5, -5, -5, -5, -5, -5, -5, -5, -5, -5], [-4, -4, -4, -4, -4, -4, -4, -4, -4, -4, -4, -4, -4, -4, -4, -4, -4, -4, -4, -4, -4, -4, -4, -4, -4, -4, -4, -4, -4, -4, -4, -4, -4, -4, -4, -4, -4, -4, -4, -4], [-3, -3, -3, -3, -3, -3, -3, -3, -3, -3, -3, -3, -3, -3, -3, -3, -3, -3, -3, -3, -3, -3, -3, -3, -3, -3, -3, -3, -3, -3, -3, -3, -3, -3, -3, -3, -3, -3, -3, -3], [-2, -2, -2, -2, -2, -2, -2, -2, -2, -2, -2, -2, -2, -2, -2, -2, -2, -2, -2, -2, -2, -2, -2, -2, -2, -2, -2, -2, -2, -2, -2, -2, -2, -2, -2, -2, -2, -2, -2, -2], [-1, -1, -1, -1, -1, -1, -1, -1, -1, -1, -1, -1, -1, -1, -1, -1, -1, -1, -1, -1, -1, -1, -1, -1, -1, -1, -1, -1, -1, -1, -1, -1, -1, -1, -1, -1, -1, -1, -1, -1], [0, 0, 0, 0, 0, 0, 0, 0, 0, 0, 0, 0, 0, 0, 0, 0, 0, 0, 0, 0, 0, 0, 0, 0, 0, 0, 0, 0, 0, 0, 0, 0, 0, 0, 0, 0, 0, 0, 0, 0], [1, 1, 1, 1, 1, 1, 1, 1, 1, 1, 1, 1, 1, 1, 1, 1, 1, 1, 1, 1, 1, 1, 1, 1, 1, 1, 1, 1, 1, 1, 1, 1, 1, 1, 1, 1, 1, 1, 1, 1], [2, 2, 2, 2, 2, 2, 2, 2, 2, 2, 2, 2, 2, 2, 2, 2, 2, 2, 2, 2, 2, 2, 2, 2, 2, 2, 2, 2, 2, 2, 2, 2, 2, 2, 2, 2, 2, 2, 2, 2], [3, 3, 3, 3, 3, 3, 3, 3, 3, 3, 3, 3, 3, 3, 3, 3, 3, 3, 3, 3, 3, 3, 3, 3, 3, 3, 3, 3, 3, 3, 3, 3, 3, 3, 3, 3, 3, 3, 3, 3], [4, 4, 4, 4, 4, 4, 4, 4, 4, 4, 4, 4, 4, 4, 4, 4, 4, 4, 4, 4, 4, 4, 4, 4, 4, 4, 4, 4, 4, 4, 4, 4, 4, 4, 4, 4, 4, 4, 4, 4], [5, 5, 5, 5, 5, 5, 5, 5, 5, 5, 5, 5, 5, 5, 5, 5, 5, 5, 5, 5, 5, 5, 5, 5, 5, 5, 5, 5, 5, 5, 5, 5, 5, 5, 5, 5, 5, 5, 5, 5], [6, 6, 6, 6, 6, 6, 6, 6, 6, 6, 6, 6, 6, 6, 6, 6, 6, 6, 6, 6, 6, 6, 6, 6, 6, 6, 6, 6, 6, 6, 6, 6, 6, 6, 6, 6, 6, 6, 6, 6], [7, 7, 7, 7, 7, 7, 7, 7, 7, 7, 7, 7, 7, 7, 7, 7, 7, 7, 7, 7, 7, 7, 7, 7, 7, 7, 7, 7, 7, 7, 7, 7, 7, 7, 7, 7, 7, 7, 7, 7], [8, 8, 8, 8, 8, 8, 8, 8, 8, 8, 8, 8, 8, 8, 8, 8, 8, 8, 8, 8, 8, 8, 8, 8, 8, 8, 8, 8, 8, 8, 8, 8, 8, 8, 8, 8, 8, 8, 8, 8], [9, 9, 9, 9, 9, 9, 9, 9, 9, 9, 9, 9, 9, 9, 9, 9, 9, 9, 9, 9, 9, 9, 9, 9, 9, 9, 9, 9, 9, 9, 9, 9, 9, 9, 9, 9, 9, 9, 9, 9], [10, 10, 10, 10, 10, 10, 10, 10, 10, 10, 10, 10, 10, 10, 10, 10, 10, 10, 10, 10, 10, 10, 10, 10, 10, 10, 10, 10, 10, 10, 10, 10, 10, 10, 10, 10, 10, 10, 10, 10], [11, 11, 11, 11, 11, 11, 11, 11, 11, 11, 11, 11, 11, 11, 11, 11, 11, 11, 11, 11, 11, 11, 11, 11, 11, 11, 11, 11, 11, 11, 11, 11, 11, 11, 11, 11, 11, 11, 11, 11], [12, 12, 12, 12, 12, 12, 12, 12, 12, 12, 12, 12, 12, 12, 12, 12, 12, 12, 12, 12, 12, 12, 12, 12, 12, 12, 12, 12, 12, 12, 12, 12, 12, 12, 12, 12, 12, 12, 12, 12], [13, 13, 13, 13, 13, 13, 13, 13, 13, 13, 13, 13, 13, 13, 13, 13, 13, 13, 13, 13, 13, 13, 13, 13, 13, 13, 13, 13, 13, 13, 13, 13, 13, 13, 13, 13, 13, 13, 13, 13], [14, 14, 14, 14, 14, 14, 14, 14, 14, 14, 14, 14, 14, 14, 14, 14, 14, 14, 14, 14, 14, 14, 14, 14, 14, 14, 14, 14, 14, 14, 14, 14, 14, 14, 14, 14, 14, 14, 14, 14], [15, 15, 15, 15, 15, 15, 15, 15, 15, 15, 15, 15, 15, 15, 15, 15, 15, 15, 15, 15, 15, 15, 15, 15, 15, 15, 15, 15, 15, 15, 15, 15, 15, 15, 15, 15, 15, 15, 15, 15], [16, 16, 16, 16, 16, 16, 16, 16, 16, 16, 16, 16, 16, 16, 16, 16, 16, 16, 16, 16, 16, 16, 16, 16, 16, 16, 16, 16, 16, 16, 16, 16, 16, 16, 16, 16, 16, 16, 16, 16], [17, 17, 17, 17, 17, 17, 17, 17, 17, 17, 17, 17, 17, 17, 17, 17, 17, 17, 17, 17, 17, 17, 17, 17, 17, 17, 17, 17, 17, 17, 17, 17, 17, 17, 17, 17, 17, 17, 17, 17], [18, 18, 18, 18, 18, 18, 18, 18, 18, 18, 18, 18, 18, 18, 18, 18, 18, 18, 18, 18, 18, 18, 18, 18, 18, 18, 18, 18, 18, 18, 18, 18, 18, 18, 18, 18, 18, 18, 18, 18], [19, 19, 19, 19, 19, 19, 19, 19, 19, 19, 19, 19, 19, 19, 19, 19, 19, 19, 19, 19, 19, 19, 19, 19, 19, 19, 19, 19, 19, 19, 19, 19, 19, 19, 19, 19, 19, 19, 19, 19]], \"y\": [[-20, -19, -18, -17, -16, -15, -14, -13, -12, -11, -10, -9, -8, -7, -6, -5, -4, -3, -2, -1, 0, 1, 2, 3, 4, 5, 6, 7, 8, 9, 10, 11, 12, 13, 14, 15, 16, 17, 18, 19], [-20, -19, -18, -17, -16, -15, -14, -13, -12, -11, -10, -9, -8, -7, -6, -5, -4, -3, -2, -1, 0, 1, 2, 3, 4, 5, 6, 7, 8, 9, 10, 11, 12, 13, 14, 15, 16, 17, 18, 19], [-20, -19, -18, -17, -16, -15, -14, -13, -12, -11, -10, -9, -8, -7, -6, -5, -4, -3, -2, -1, 0, 1, 2, 3, 4, 5, 6, 7, 8, 9, 10, 11, 12, 13, 14, 15, 16, 17, 18, 19], [-20, -19, -18, -17, -16, -15, -14, -13, -12, -11, -10, -9, -8, -7, -6, -5, -4, -3, -2, -1, 0, 1, 2, 3, 4, 5, 6, 7, 8, 9, 10, 11, 12, 13, 14, 15, 16, 17, 18, 19], [-20, -19, -18, -17, -16, -15, -14, -13, -12, -11, -10, -9, -8, -7, -6, -5, -4, -3, -2, -1, 0, 1, 2, 3, 4, 5, 6, 7, 8, 9, 10, 11, 12, 13, 14, 15, 16, 17, 18, 19], [-20, -19, -18, -17, -16, -15, -14, -13, -12, -11, -10, -9, -8, -7, -6, -5, -4, -3, -2, -1, 0, 1, 2, 3, 4, 5, 6, 7, 8, 9, 10, 11, 12, 13, 14, 15, 16, 17, 18, 19], [-20, -19, -18, -17, -16, -15, -14, -13, -12, -11, -10, -9, -8, -7, -6, -5, -4, -3, -2, -1, 0, 1, 2, 3, 4, 5, 6, 7, 8, 9, 10, 11, 12, 13, 14, 15, 16, 17, 18, 19], [-20, -19, -18, -17, -16, -15, -14, -13, -12, -11, -10, -9, -8, -7, -6, -5, -4, -3, -2, -1, 0, 1, 2, 3, 4, 5, 6, 7, 8, 9, 10, 11, 12, 13, 14, 15, 16, 17, 18, 19], [-20, -19, -18, -17, -16, -15, -14, -13, -12, -11, -10, -9, -8, -7, -6, -5, -4, -3, -2, -1, 0, 1, 2, 3, 4, 5, 6, 7, 8, 9, 10, 11, 12, 13, 14, 15, 16, 17, 18, 19], [-20, -19, -18, -17, -16, -15, -14, -13, -12, -11, -10, -9, -8, -7, -6, -5, -4, -3, -2, -1, 0, 1, 2, 3, 4, 5, 6, 7, 8, 9, 10, 11, 12, 13, 14, 15, 16, 17, 18, 19], [-20, -19, -18, -17, -16, -15, -14, -13, -12, -11, -10, -9, -8, -7, -6, -5, -4, -3, -2, -1, 0, 1, 2, 3, 4, 5, 6, 7, 8, 9, 10, 11, 12, 13, 14, 15, 16, 17, 18, 19], [-20, -19, -18, -17, -16, -15, -14, -13, -12, -11, -10, -9, -8, -7, -6, -5, -4, -3, -2, -1, 0, 1, 2, 3, 4, 5, 6, 7, 8, 9, 10, 11, 12, 13, 14, 15, 16, 17, 18, 19], [-20, -19, -18, -17, -16, -15, -14, -13, -12, -11, -10, -9, -8, -7, -6, -5, -4, -3, -2, -1, 0, 1, 2, 3, 4, 5, 6, 7, 8, 9, 10, 11, 12, 13, 14, 15, 16, 17, 18, 19], [-20, -19, -18, -17, -16, -15, -14, -13, -12, -11, -10, -9, -8, -7, -6, -5, -4, -3, -2, -1, 0, 1, 2, 3, 4, 5, 6, 7, 8, 9, 10, 11, 12, 13, 14, 15, 16, 17, 18, 19], [-20, -19, -18, -17, -16, -15, -14, -13, -12, -11, -10, -9, -8, -7, -6, -5, -4, -3, -2, -1, 0, 1, 2, 3, 4, 5, 6, 7, 8, 9, 10, 11, 12, 13, 14, 15, 16, 17, 18, 19], [-20, -19, -18, -17, -16, -15, -14, -13, -12, -11, -10, -9, -8, -7, -6, -5, -4, -3, -2, -1, 0, 1, 2, 3, 4, 5, 6, 7, 8, 9, 10, 11, 12, 13, 14, 15, 16, 17, 18, 19], [-20, -19, -18, -17, -16, -15, -14, -13, -12, -11, -10, -9, -8, -7, -6, -5, -4, -3, -2, -1, 0, 1, 2, 3, 4, 5, 6, 7, 8, 9, 10, 11, 12, 13, 14, 15, 16, 17, 18, 19], [-20, -19, -18, -17, -16, -15, -14, -13, -12, -11, -10, -9, -8, -7, -6, -5, -4, -3, -2, -1, 0, 1, 2, 3, 4, 5, 6, 7, 8, 9, 10, 11, 12, 13, 14, 15, 16, 17, 18, 19], [-20, -19, -18, -17, -16, -15, -14, -13, -12, -11, -10, -9, -8, -7, -6, -5, -4, -3, -2, -1, 0, 1, 2, 3, 4, 5, 6, 7, 8, 9, 10, 11, 12, 13, 14, 15, 16, 17, 18, 19], [-20, -19, -18, -17, -16, -15, -14, -13, -12, -11, -10, -9, -8, -7, -6, -5, -4, -3, -2, -1, 0, 1, 2, 3, 4, 5, 6, 7, 8, 9, 10, 11, 12, 13, 14, 15, 16, 17, 18, 19], [-20, -19, -18, -17, -16, -15, -14, -13, -12, -11, -10, -9, -8, -7, -6, -5, -4, -3, -2, -1, 0, 1, 2, 3, 4, 5, 6, 7, 8, 9, 10, 11, 12, 13, 14, 15, 16, 17, 18, 19], [-20, -19, -18, -17, -16, -15, -14, -13, -12, -11, -10, -9, -8, -7, -6, -5, -4, -3, -2, -1, 0, 1, 2, 3, 4, 5, 6, 7, 8, 9, 10, 11, 12, 13, 14, 15, 16, 17, 18, 19], [-20, -19, -18, -17, -16, -15, -14, -13, -12, -11, -10, -9, -8, -7, -6, -5, -4, -3, -2, -1, 0, 1, 2, 3, 4, 5, 6, 7, 8, 9, 10, 11, 12, 13, 14, 15, 16, 17, 18, 19], [-20, -19, -18, -17, -16, -15, -14, -13, -12, -11, -10, -9, -8, -7, -6, -5, -4, -3, -2, -1, 0, 1, 2, 3, 4, 5, 6, 7, 8, 9, 10, 11, 12, 13, 14, 15, 16, 17, 18, 19], [-20, -19, -18, -17, -16, -15, -14, -13, -12, -11, -10, -9, -8, -7, -6, -5, -4, -3, -2, -1, 0, 1, 2, 3, 4, 5, 6, 7, 8, 9, 10, 11, 12, 13, 14, 15, 16, 17, 18, 19], [-20, -19, -18, -17, -16, -15, -14, -13, -12, -11, -10, -9, -8, -7, -6, -5, -4, -3, -2, -1, 0, 1, 2, 3, 4, 5, 6, 7, 8, 9, 10, 11, 12, 13, 14, 15, 16, 17, 18, 19], [-20, -19, -18, -17, -16, -15, -14, -13, -12, -11, -10, -9, -8, -7, -6, -5, -4, -3, -2, -1, 0, 1, 2, 3, 4, 5, 6, 7, 8, 9, 10, 11, 12, 13, 14, 15, 16, 17, 18, 19], [-20, -19, -18, -17, -16, -15, -14, -13, -12, -11, -10, -9, -8, -7, -6, -5, -4, -3, -2, -1, 0, 1, 2, 3, 4, 5, 6, 7, 8, 9, 10, 11, 12, 13, 14, 15, 16, 17, 18, 19], [-20, -19, -18, -17, -16, -15, -14, -13, -12, -11, -10, -9, -8, -7, -6, -5, -4, -3, -2, -1, 0, 1, 2, 3, 4, 5, 6, 7, 8, 9, 10, 11, 12, 13, 14, 15, 16, 17, 18, 19], [-20, -19, -18, -17, -16, -15, -14, -13, -12, -11, -10, -9, -8, -7, -6, -5, -4, -3, -2, -1, 0, 1, 2, 3, 4, 5, 6, 7, 8, 9, 10, 11, 12, 13, 14, 15, 16, 17, 18, 19], [-20, -19, -18, -17, -16, -15, -14, -13, -12, -11, -10, -9, -8, -7, -6, -5, -4, -3, -2, -1, 0, 1, 2, 3, 4, 5, 6, 7, 8, 9, 10, 11, 12, 13, 14, 15, 16, 17, 18, 19], [-20, -19, -18, -17, -16, -15, -14, -13, -12, -11, -10, -9, -8, -7, -6, -5, -4, -3, -2, -1, 0, 1, 2, 3, 4, 5, 6, 7, 8, 9, 10, 11, 12, 13, 14, 15, 16, 17, 18, 19], [-20, -19, -18, -17, -16, -15, -14, -13, -12, -11, -10, -9, -8, -7, -6, -5, -4, -3, -2, -1, 0, 1, 2, 3, 4, 5, 6, 7, 8, 9, 10, 11, 12, 13, 14, 15, 16, 17, 18, 19], [-20, -19, -18, -17, -16, -15, -14, -13, -12, -11, -10, -9, -8, -7, -6, -5, -4, -3, -2, -1, 0, 1, 2, 3, 4, 5, 6, 7, 8, 9, 10, 11, 12, 13, 14, 15, 16, 17, 18, 19], [-20, -19, -18, -17, -16, -15, -14, -13, -12, -11, -10, -9, -8, -7, -6, -5, -4, -3, -2, -1, 0, 1, 2, 3, 4, 5, 6, 7, 8, 9, 10, 11, 12, 13, 14, 15, 16, 17, 18, 19], [-20, -19, -18, -17, -16, -15, -14, -13, -12, -11, -10, -9, -8, -7, -6, -5, -4, -3, -2, -1, 0, 1, 2, 3, 4, 5, 6, 7, 8, 9, 10, 11, 12, 13, 14, 15, 16, 17, 18, 19], [-20, -19, -18, -17, -16, -15, -14, -13, -12, -11, -10, -9, -8, -7, -6, -5, -4, -3, -2, -1, 0, 1, 2, 3, 4, 5, 6, 7, 8, 9, 10, 11, 12, 13, 14, 15, 16, 17, 18, 19], [-20, -19, -18, -17, -16, -15, -14, -13, -12, -11, -10, -9, -8, -7, -6, -5, -4, -3, -2, -1, 0, 1, 2, 3, 4, 5, 6, 7, 8, 9, 10, 11, 12, 13, 14, 15, 16, 17, 18, 19], [-20, -19, -18, -17, -16, -15, -14, -13, -12, -11, -10, -9, -8, -7, -6, -5, -4, -3, -2, -1, 0, 1, 2, 3, 4, 5, 6, 7, 8, 9, 10, 11, 12, 13, 14, 15, 16, 17, 18, 19], [-20, -19, -18, -17, -16, -15, -14, -13, -12, -11, -10, -9, -8, -7, -6, -5, -4, -3, -2, -1, 0, 1, 2, 3, 4, 5, 6, 7, 8, 9, 10, 11, 12, 13, 14, 15, 16, 17, 18, 19]], \"z\": [[-242.91893853320468, -222.1120857133047, -201.61208571376463, -182.11208571376463, -163.61208571376463, -146.11208571376463, -129.61208571376463, -114.11208571376461, -99.61208571376461, -86.11208571376461, -73.61208571376461, -62.11208571376462, -51.61208571376462, -42.11208571376462, -33.61208571376462, -26.112085713764618, -19.612085713764618, -14.112085713764618, -9.612085713764618, -6.112085713764618, -3.612085713764618, -2.112085713764618, -1.612085713764618, -2.112085713764618, -3.612085713764618, -6.112085713764618, -9.612085713764618, -14.112085713764618, -19.612085713764618, -26.112085713764618, -33.61208571376462, -42.11208571376462, -51.61208571376462, -62.11208571376462, -73.61208571376461, -86.11208571376461, -99.61208571376461, -114.11208571376461, -129.61208571376463, -146.11208571376463], [-222.1120857133047, -221.41893853320468, -201.61208571251447, -182.11208571376463, -163.61208571376463, -146.11208571376463, -129.61208571376463, -114.11208571376461, -99.61208571376461, -86.11208571376461, -73.61208571376461, -62.11208571376462, -51.61208571376462, -42.11208571376462, -33.61208571376462, -26.112085713764618, -19.612085713764618, -14.112085713764618, -9.612085713764618, -6.112085713764618, -3.612085713764618, -2.112085713764618, -1.612085713764618, -2.112085713764618, -3.612085713764618, -6.112085713764618, -9.612085713764618, -14.112085713764618, -19.612085713764618, -26.112085713764618, -33.61208571376462, -42.11208571376462, -51.61208571376462, -62.11208571376462, -73.61208571376461, -86.11208571376461, -99.61208571376461, -114.11208571376461, -129.61208571376463, -146.11208571376463], [-201.61208571376463, -201.61208571251447, -200.91893853320468, -182.11208571036636, -163.61208571376463, -146.11208571376463, -129.61208571376463, -114.11208571376461, -99.61208571376461, -86.11208571376461, -73.61208571376461, -62.11208571376462, -51.61208571376462, -42.11208571376462, -33.61208571376462, -26.112085713764618, -19.612085713764618, -14.112085713764618, -9.612085713764618, -6.112085713764618, -3.612085713764618, -2.112085713764618, -1.612085713764618, -2.112085713764618, -3.612085713764618, -6.112085713764618, -9.612085713764618, -14.112085713764618, -19.612085713764618, -26.112085713764618, -33.61208571376462, -42.11208571376462, -51.61208571376462, -62.11208571376462, -73.61208571376461, -86.11208571376461, -99.61208571376461, -114.11208571376461, -129.61208571376463, -146.11208571376463], [-182.11208571376463, -182.11208571376463, -182.11208571036636, -181.41893853320468, -163.61208570452717, -146.11208571376463, -129.61208571376463, -114.11208571376461, -99.61208571376461, -86.11208571376461, -73.61208571376461, -62.11208571376462, -51.61208571376462, -42.11208571376462, -33.61208571376462, -26.112085713764618, -19.612085713764618, -14.112085713764618, -9.612085713764618, -6.112085713764618, -3.612085713764618, -2.112085713764618, -1.612085713764618, -2.112085713764618, -3.612085713764618, -6.112085713764618, -9.612085713764618, -14.112085713764618, -19.612085713764618, -26.112085713764618, -33.61208571376462, -42.11208571376462, -51.61208571376462, -62.11208571376462, -73.61208571376461, -86.11208571376461, -99.61208571376461, -114.11208571376461, -129.61208571376463, -146.11208571376463], [-163.61208571376463, -163.61208571376463, -163.61208571376463, -163.61208570452717, -162.91893853320468, -146.11208568865462, -129.61208571376463, -114.11208571376461, -99.61208571376461, -86.11208571376461, -73.61208571376461, -62.11208571376462, -51.61208571376462, -42.11208571376462, -33.61208571376462, -26.112085713764618, -19.612085713764618, -14.112085713764618, -9.612085713764618, -6.112085713764618, -3.612085713764618, -2.112085713764618, -1.612085713764618, -2.112085713764618, -3.612085713764618, -6.112085713764618, -9.612085713764618, -14.112085713764618, -19.612085713764618, -26.112085713764618, -33.61208571376462, -42.11208571376462, -51.61208571376462, -62.11208571376462, -73.61208571376461, -86.11208571376461, -99.61208571376461, -114.11208571376461, -129.61208571376463, -146.11208568865462], [-146.11208571376463, -146.11208571376463, -146.11208571376463, -146.11208571376463, -146.11208568865462, -145.41893853320468, -129.61208564550859, -114.1120857137646, -99.61208571376461, -86.11208571376461, -73.61208571376461, -62.11208571376462, -51.61208571376462, -42.11208571376462, -33.61208571376462, -26.112085713764618, -19.612085713764618, -14.112085713764618, -9.612085713764618, -6.112085713764618, -3.612085713764618, -2.112085713764618, -1.612085713764618, -2.112085713764618, -3.612085713764618, -6.112085713764618, -9.612085713764618, -14.112085713764618, -19.612085713764618, -26.112085713764618, -33.61208571376462, -42.11208571376462, -51.61208571376462, -62.11208571376462, -73.61208571376461, -86.11208571376461, -99.61208571376461, -114.1120857137646, -129.61208564550859, -145.41893853320468], [-129.61208571376463, -129.61208571376463, -129.61208571376463, -129.61208571376463, -129.61208571376463, -129.61208564550859, -128.91893853320468, -114.11208552822549, -99.61208571376453, -86.11208571376461, -73.61208571376461, -62.11208571376462, -51.61208571376462, -42.11208571376462, -33.61208571376462, -26.112085713764618, -19.612085713764618, -14.112085713764618, -9.612085713764618, -6.112085713764618, -3.612085713764618, -2.112085713764618, -1.612085713764618, -2.112085713764618, -3.612085713764618, -6.112085713764618, -9.612085713764618, -14.112085713764618, -19.612085713764618, -26.112085713764618, -33.61208571376462, -42.11208571376462, -51.61208571376462, -62.11208571376462, -73.61208571376461, -86.11208571376461, -99.61208571376453, -114.11208552822549, -128.91893853320468, -129.61208564550859], [-114.11208571376461, -114.11208571376461, -114.11208571376461, -114.11208571376461, -114.11208571376461, -114.1120857137646, -114.11208552822549, -113.41893853320467, -99.61208520941709, -86.11208571376393, -73.61208571376461, -62.11208571376462, -51.61208571376462, -42.11208571376462, -33.61208571376462, -26.112085713764618, -19.612085713764618, -14.112085713764618, -9.612085713764618, -6.112085713764618, -3.612085713764618, -2.112085713764618, -1.612085713764618, -2.112085713764618, -3.612085713764618, -6.112085713764618, -9.612085713764618, -14.112085713764618, -19.612085713764618, -26.112085713764618, -33.61208571376462, -42.11208571376462, -51.61208571376462, -62.11208571376462, -73.61208571376461, -86.11208571376393, -99.61208520941709, -113.41893853320467, -114.11208552822549, -114.1120857137646], [-99.61208571376461, -99.61208571376461, -99.61208571376461, -99.61208571376461, -99.61208571376461, -99.61208571376461, -99.61208571376453, -99.61208520941709, -98.91893853320467, -86.11208434280647, -73.61208571375951, -62.11208571376462, -51.61208571376462, -42.11208571376462, -33.61208571376462, -26.112085713764618, -19.612085713764618, -14.112085713764618, -9.612085713764618, -6.112085713764618, -3.612085713764618, -2.112085713764618, -1.612085713764618, -2.112085713764618, -3.612085713764618, -6.112085713764618, -9.612085713764618, -14.112085713764618, -19.612085713764618, -26.112085713764618, -33.61208571376462, -42.11208571376462, -51.61208571376462, -62.11208571376462, -73.61208571375951, -86.11208434280647, -98.91893853320467, -99.61208520941709, -99.61208571376453, -99.61208571376461], [-86.11208571376461, -86.11208571376461, -86.11208571376461, -86.11208571376461, -86.11208571376461, -86.11208571376461, -86.11208571376461, -86.11208571376393, -86.11208434280647, -85.41893853320467, -73.61208198711839, -62.11208571372687, -51.612085713764614, -42.11208571376462, -33.61208571376462, -26.112085713764618, -19.612085713764618, -14.112085713764618, -9.612085713764618, -6.112085713764618, -3.612085713764618, -2.112085713764618, -1.612085713764618, -2.112085713764618, -3.612085713764618, -6.112085713764618, -9.612085713764618, -14.112085713764618, -19.612085713764618, -26.112085713764618, -33.61208571376462, -42.11208571376462, -51.612085713764614, -62.11208571372687, -73.61208198711839, -85.41893853320467, -86.11208434280647, -86.11208571376393, -86.11208571376461, -86.11208571376461], [-73.61208571376461, -73.61208571376461, -73.61208571376461, -73.61208571376461, -73.61208571376461, -73.61208571376461, -73.61208571376461, -73.61208571376461, -73.61208571375951, -73.61208198711839, -72.91893853320467, -62.11207558372233, -51.61208571348567, -42.1120857137646, -33.61208571376462, -26.112085713764618, -19.612085713764618, -14.112085713764618, -9.612085713764618, -6.112085713764618, -3.612085713764618, -2.112085713764618, -1.612085713764618, -2.112085713764618, -3.612085713764618, -6.112085713764618, -9.612085713764618, -14.112085713764618, -19.612085713764618, -26.112085713764618, -33.61208571376462, -42.1120857137646, -51.61208571348567, -62.11207558372233, -72.91893853320467, -73.61208198711839, -73.61208571375951, -73.61208571376461, -73.61208571376461, -73.61208571376461], [-62.11208571376462, -62.11208571376462, -62.11208571376462, -62.11208571376462, -62.11208571376462, -62.11208571376462, -62.11208571376462, -62.11208571376462, -62.11208571376462, -62.11208571372687, -62.11207558372233, -61.418938533204674, -51.61205817769439, -42.112085711703465, -33.6120857137642, -26.112085713764618, -19.612085713764618, -14.112085713764618, -9.612085713764618, -6.112085713764618, -3.612085713764618, -2.112085713764618, -1.612085713764618, -2.112085713764618, -3.612085713764618, -6.112085713764618, -9.612085713764618, -14.112085713764618, -19.612085713764618, -26.112085713764618, -33.6120857137642, -42.112085711703465, -51.61205817769439, -61.418938533204674, -62.11207558372233, -62.11208571372687, -62.11208571376462, -62.11208571376462, -62.11208571376462, -62.11208571376462], [-51.61208571376462, -51.61208571376462, -51.61208571376462, -51.61208571376462, -51.61208571376462, -51.61208571376462, -51.61208571376462, -51.61208571376462, -51.61208571376462, -51.612085713764614, -51.61208571348567, -51.61205817769439, -50.918938533204674, -42.112010864735986, -33.612085698534635, -26.112085713756194, -19.612085713764607, -14.112085713764618, -9.612085713764618, -6.112085713764618, -3.612085713764618, -2.112085713764618, -1.612085713764618, -2.112085713764618, -3.612085713764618, -6.112085713764618, -9.612085713764618, -14.112085713764618, -19.612085713764607, -26.112085713756194, -33.612085698534635, -42.112010864735986, -50.918938533204674, -51.61205817769439, -51.61208571348567, -51.612085713764614, -51.61208571376462, -51.61208571376462, -51.61208571376462, -51.61208571376462], [-42.11208571376462, -42.11208571376462, -42.11208571376462, -42.11208571376462, -42.11208571376462, -42.11208571376462, -42.11208571376462, -42.11208571376462, -42.11208571376462, -42.11208571376462, -42.1120857137646, -42.112085711703465, -42.112010864735986, -41.418938533204674, -33.611882266092486, -26.11208560122945, -19.612085713595427, -14.112085713763927, -9.61208571376461, -6.112085713764618, -3.612085713764618, -2.112085713764618, -1.612085713764618, -2.112085713764618, -3.612085713764618, -6.112085713764618, -9.61208571376461, -14.112085713763927, -19.612085713595427, -26.11208560122945, -33.611882266092486, -41.418938533204674, -42.112010864735986, -42.112085711703465, -42.1120857137646, -42.11208571376462, -42.11208571376462, -42.11208571376462, -42.11208571376462, -42.11208571376462], [-33.61208571376462, -33.61208571376462, -33.61208571376462, -33.61208571376462, -33.61208571376462, -33.61208571376462, -33.61208571376462, -33.61208571376462, -33.61208571376462, -33.61208571376462, -33.61208571376462, -33.6120857137642, -33.612085698534635, -33.611882266092486, -32.918938533204674, -26.111532782289256, -19.612084882236246, -14.112085710366351, -9.612085713726866, -6.112085713763478, -3.6120857137645244, -2.112085713764597, -1.6120857137646054, -2.112085713764597, -3.6120857137645244, -6.112085713763478, -9.612085713726866, -14.112085710366351, -19.612084882236246, -26.111532782289256, -32.918938533204674, -33.611882266092486, -33.612085698534635, -33.6120857137642, -33.61208571376462, -33.61208571376462, -33.61208571376462, -33.61208571376462, -33.61208571376462, -33.61208571376462], [-26.112085713764618, -26.112085713764618, -26.112085713764618, -26.112085713764618, -26.112085713764618, -26.112085713764618, -26.112085713764618, -26.112085713764618, -26.112085713764618, -26.112085713764618, -26.112085713764618, -26.112085713764618, -26.112085713756194, -26.11208560122945, -26.111532782289256, -25.418938533204674, -19.610583403604863, -14.11207956957114, -9.612085645508586, -6.112085711703465, -3.612085713595428, -2.1120857137268665, -1.6120857137417206, -2.1120857137268665, -3.612085713595428, -6.112085711703465, -9.612085645508586, -14.11207956957114, -19.610583403604863, -25.418938533204674, -26.111532782289256, -26.11208560122945, -26.112085713756194, -26.112085713764618, -26.112085713764618, -26.112085713764618, -26.112085713764618, -26.112085713764618, -26.112085713764618, -26.112085713764618], [-19.612085713764618, -19.612085713764618, -19.612085713764618, -19.612085713764618, -19.612085713764618, -19.612085713764618, -19.612085713764618, -19.612085713764618, -19.612085713764618, -19.612085713764618, -19.612085713764618, -19.612085713764618, -19.612085713764607, -19.612085713595427, -19.612084882236246, -19.610583403604863, -18.918938533204674, -14.108007270494047, -9.612040314865402, -6.1120843428064715, -3.6120856012294493, -2.1120856886546266, -1.6120856985346383, -2.1120856886546266, -3.6120856012294493, -6.1120843428064715, -9.612040314865402, -14.108007270494047, -18.918938533204674, -19.610583403604863, -19.612084882236246, -19.612085713595427, -19.612085713764607, -19.612085713764618, -19.612085713764618, -19.612085713764618, -19.612085713764618, -19.612085713764618, -19.612085713764618, -19.612085713764618], [-14.112085713764618, -14.112085713764618, -14.112085713764618, -14.112085713764618, -14.112085713764618, -14.112085713764618, -14.112085713764618, -14.112085713764618, -14.112085713764618, -14.112085713764618, -14.112085713764618, -14.112085713764618, -14.112085713764618, -14.112085713763927, -14.112085710366351, -14.11207956957114, -14.108007270494047, -13.418938533204672, -9.601037968916025, -6.1117503073917225, -3.612058177694389, -2.1120795695711405, -1.6120819871183898, -2.1120795695711405, -3.612058177694389, -6.1117503073917225, -9.601037968916025, -13.418938533204672, -14.108007270494047, -14.11207956957114, -14.112085710366351, -14.112085713763927, -14.112085713764618, -14.112085713764618, -14.112085713764618, -14.112085713764618, -14.112085713764618, -14.112085713764618, -14.112085713764618, -14.112085713764618], [-9.612085713764618, -9.612085713764618, -9.612085713764618, -9.612085713764618, -9.612085713764618, -9.612085713764618, -9.612085713764618, -9.612085713764618, -9.612085713764618, -9.612085713764618, -9.612085713764618, -9.612085713764618, -9.612085713764618, -9.61208571376461, -9.612085713726866, -9.612085645508586, -9.612040314865402, -9.601037968916025, -8.918938533204672, -6.082335295491998, -3.6096100286268875, -2.1115327822892573, -1.611750307391722, -2.1115327822892573, -3.6096100286268875, -6.082335295491998, -8.918938533204672, -9.601037968916025, -9.612040314865402, -9.612085645508586, -9.612085713726866, -9.61208571376461, -9.612085713764618, -9.612085713764618, -9.612085713764618, -9.612085713764618, -9.612085713764618, -9.612085713764618, -9.612085713764618, -9.612085713764618], [-6.112085713764618, -6.112085713764618, -6.112085713764618, -6.112085713764618, -6.112085713764618, -6.112085713764618, -6.112085713764618, -6.112085713764618, -6.112085713764618, -6.112085713764618, -6.112085713764618, -6.112085713764618, -6.112085713764618, -6.112085713764618, -6.112085713763478, -6.112085711703465, -6.1120843428064715, -6.1117503073917225, -6.082335295491998, -5.418938533204672, -3.5331959794720684, -2.093935785846808, -1.6010379689160241, -2.093935785846808, -3.5331959794720684, -5.418938533204672, -6.082335295491998, -6.1117503073917225, -6.1120843428064715, -6.112085711703465, -6.112085713763478, -6.112085713764618, -6.112085713764618, -6.112085713764618, -6.112085713764618, -6.112085713764618, -6.112085713764618, -6.112085713764618, -6.112085713764618, -6.112085713764618], [-3.612085713764618, -3.612085713764618, -3.612085713764618, -3.612085713764618, -3.612085713764618, -3.612085713764618, -3.612085713764618, -3.612085713764618, -3.612085713764618, -3.612085713764618, -3.612085713764618, -3.612085713764618, -3.612085713764618, -3.612085713764618, -3.6120857137645244, -3.612085713595428, -3.6120856012294493, -3.612058177694389, -3.6096100286268875, -3.5331959794720684, -2.9189385332046727, -1.9106724357818654, -1.4851577027216454, -1.9106724357818654, -2.9189385332046727, -3.5331959794720684, -3.6096100286268875, -3.612058177694389, -3.6120856012294493, -3.612085713595428, -3.6120857137645244, -3.612085713764618, -3.612085713764618, -3.612085713764618, -3.612085713764618, -3.612085713764618, -3.612085713764618, -3.612085713764618, -3.612085713764618, -3.612085713764618], [-2.112085713764618, -2.112085713764618, -2.112085713764618, -2.112085713764618, -2.112085713764618, -2.112085713764618, -2.112085713764618, -2.112085713764618, -2.112085713764618, -2.112085713764618, -2.112085713764618, -2.112085713764618, -2.112085713764618, -2.112085713764618, -2.112085713764597, -2.1120857137268665, -2.1120856886546266, -2.1120795695711405, -2.1115327822892573, -2.093935785846808, -1.9106724357818654, -1.4189385332046727, -1.1380087295845114, -1.4189385332046727, -1.9106724357818654, -2.093935785846808, -2.1115327822892573, -2.1120795695711405, -2.1120856886546266, -2.1120857137268665, -2.112085713764597, -2.112085713764618, -2.112085713764618, -2.112085713764618, -2.112085713764618, -2.112085713764618, -2.112085713764618, -2.112085713764618, -2.112085713764618, -2.112085713764618], [-1.612085713764618, -1.612085713764618, -1.612085713764618, -1.612085713764618, -1.612085713764618, -1.612085713764618, -1.612085713764618, -1.612085713764618, -1.612085713764618, -1.612085713764618, -1.612085713764618, -1.612085713764618, -1.612085713764618, -1.612085713764618, -1.6120857137646054, -1.6120857137417206, -1.6120856985346383, -1.6120819871183898, -1.611750307391722, -1.6010379689160241, -1.4851577027216454, -1.1380087295845114, -0.9189385332046727, -1.1380087295845114, -1.4851577027216454, -1.6010379689160241, -1.611750307391722, -1.6120819871183898, -1.6120856985346383, -1.6120857137417206, -1.6120857137646054, -1.612085713764618, -1.612085713764618, -1.612085713764618, -1.612085713764618, -1.612085713764618, -1.612085713764618, -1.612085713764618, -1.612085713764618, -1.612085713764618], [-2.112085713764618, -2.112085713764618, -2.112085713764618, -2.112085713764618, -2.112085713764618, -2.112085713764618, -2.112085713764618, -2.112085713764618, -2.112085713764618, -2.112085713764618, -2.112085713764618, -2.112085713764618, -2.112085713764618, -2.112085713764618, -2.112085713764597, -2.1120857137268665, -2.1120856886546266, -2.1120795695711405, -2.1115327822892573, -2.093935785846808, -1.9106724357818654, -1.4189385332046727, -1.1380087295845114, -1.4189385332046727, -1.9106724357818654, -2.093935785846808, -2.1115327822892573, -2.1120795695711405, -2.1120856886546266, -2.1120857137268665, -2.112085713764597, -2.112085713764618, -2.112085713764618, -2.112085713764618, -2.112085713764618, -2.112085713764618, -2.112085713764618, -2.112085713764618, -2.112085713764618, -2.112085713764618], [-3.612085713764618, -3.612085713764618, -3.612085713764618, -3.612085713764618, -3.612085713764618, -3.612085713764618, -3.612085713764618, -3.612085713764618, -3.612085713764618, -3.612085713764618, -3.612085713764618, -3.612085713764618, -3.612085713764618, -3.612085713764618, -3.6120857137645244, -3.612085713595428, -3.6120856012294493, -3.612058177694389, -3.6096100286268875, -3.5331959794720684, -2.9189385332046727, -1.9106724357818654, -1.4851577027216454, -1.9106724357818654, -2.9189385332046727, -3.5331959794720684, -3.6096100286268875, -3.612058177694389, -3.6120856012294493, -3.612085713595428, -3.6120857137645244, -3.612085713764618, -3.612085713764618, -3.612085713764618, -3.612085713764618, -3.612085713764618, -3.612085713764618, -3.612085713764618, -3.612085713764618, -3.612085713764618], [-6.112085713764618, -6.112085713764618, -6.112085713764618, -6.112085713764618, -6.112085713764618, -6.112085713764618, -6.112085713764618, -6.112085713764618, -6.112085713764618, -6.112085713764618, -6.112085713764618, -6.112085713764618, -6.112085713764618, -6.112085713764618, -6.112085713763478, -6.112085711703465, -6.1120843428064715, -6.1117503073917225, -6.082335295491998, -5.418938533204672, -3.5331959794720684, -2.093935785846808, -1.6010379689160241, -2.093935785846808, -3.5331959794720684, -5.418938533204672, -6.082335295491998, -6.1117503073917225, -6.1120843428064715, -6.112085711703465, -6.112085713763478, -6.112085713764618, -6.112085713764618, -6.112085713764618, -6.112085713764618, -6.112085713764618, -6.112085713764618, -6.112085713764618, -6.112085713764618, -6.112085713764618], [-9.612085713764618, -9.612085713764618, -9.612085713764618, -9.612085713764618, -9.612085713764618, -9.612085713764618, -9.612085713764618, -9.612085713764618, -9.612085713764618, -9.612085713764618, -9.612085713764618, -9.612085713764618, -9.612085713764618, -9.61208571376461, -9.612085713726866, -9.612085645508586, -9.612040314865402, -9.601037968916025, -8.918938533204672, -6.082335295491998, -3.6096100286268875, -2.1115327822892573, -1.611750307391722, -2.1115327822892573, -3.6096100286268875, -6.082335295491998, -8.918938533204672, -9.601037968916025, -9.612040314865402, -9.612085645508586, -9.612085713726866, -9.61208571376461, -9.612085713764618, -9.612085713764618, -9.612085713764618, -9.612085713764618, -9.612085713764618, -9.612085713764618, -9.612085713764618, -9.612085713764618], [-14.112085713764618, -14.112085713764618, -14.112085713764618, -14.112085713764618, -14.112085713764618, -14.112085713764618, -14.112085713764618, -14.112085713764618, -14.112085713764618, -14.112085713764618, -14.112085713764618, -14.112085713764618, -14.112085713764618, -14.112085713763927, -14.112085710366351, -14.11207956957114, -14.108007270494047